                                         0             1             2                    3                    4                     5                    6                    7                     8                     9                     10                    11                   12                   13                   14                    15                    16                    17                    18                   19                    20                   21                  22
scenario                       geoclaw_2026  geoclaw_2050  geoclaw_2080  syn_ts_156_15_1p066  syn_ts_173_2_0p8859  syn_ts_192_15_2p5752  syn_ts_192_7_1p0240  syn_ts_258_9_3p0022  syn_ts_321_19_1p7614  syn_ts_436_11_1p3524  syn_ts_463_29_1p6644  syn_ts_514_13_2p7829  syn_ts_570_2_1p5351  syn_ts_605_5_3p7563  syn_ts_662_3_0p9973  syn_ts_708_13_1p1567  syn_ts_808_27_3p7885  syn_ts_810_14_1p1460  syn_ts_831_27_1p9452  syn_ts_880_9_2p6632  syn_ts_914_26_3p4047  syn_ts_914_6_1p2955  syn_ts_999_12_3p44
n_runs                                 1000          1000          1000                 1000                 1000                  1000                 1000                 1000                  1000                  1000                  1000                  1000                 1000                 1000                 1000                  1000                  1000                  1000                  1000                 1000                  1000                 1000                1000
seeds_identical                        True          True          True                 True                 True                  True                 True                 True                  True                  True                  True                  True                 True                 True                 True                  True                  True                  True                  True                 True                  True                 True                True
totals_at                              t360          t360          t360                 t360                 t360                  t360                 t360                 t360                  t360                  t360                  t360                  t360                 t360                 t360                 t360                  t360                  t360                  t360                  t360                 t360                  t360                 t360                t360
t_peak_h                               25.0          25.0          25.0                 12.4                  3.3                  24.0                  2.9                 25.3                   9.8                   9.9                  14.9                  20.8                 10.7                 58.9                  7.5                   8.3                  46.0                   3.9                   9.1                 25.1                  37.5                  8.7                36.1
static_total_mean                  2299.545      2460.208      2748.233             1737.957              137.516              2041.511              195.719             2461.403               672.531              1130.896               715.188              2394.625              284.407             2749.433              132.277               323.051              2609.898               137.423              1859.582             2297.381              2573.971              335.593            2494.967
dynamic_total_mean                 2438.846       3899.37      3999.896             1757.585              139.443              2102.484              200.915             3353.767               680.174              1140.569               793.545              2907.525              296.762             4055.228              134.073               328.885              3986.432               139.363              1867.239             2417.544               3882.15              342.616            3622.049
paired_delta_mean                   139.301      1439.162      1251.663               19.628                1.927                60.973                5.196              892.364                 7.643                 9.673                78.357                 512.9               12.355             1305.795                1.796                 5.834              1376.534                  1.94                 7.657              120.163              1308.179                7.023            1127.082
paired_delta_sd                     399.624       250.863       128.386               31.857                1.608                53.694               15.781               706.16                 8.087                10.301                59.548               668.214               26.283              176.019                1.503                16.639               101.989                 1.608                14.166              320.062               334.111               15.475             601.829
runs_dynamic_larger                     992           995          1000                  838                  861                   998                  912                  987                   966                   894                   979                   980                  994                 1000                  856                   864                  1000                   867                   788                  980                   993                  974                 982
runs_dynamic_smaller                      8             5             0                  146                    5                     2                   15                   13                    29                    95                    20                    17                    2                    0                    6                    78                     0                     5                   173                   19                     7                    3                  15
ks_totals                             0.231         0.971         0.995                 0.12                0.045                 0.602                0.077                0.661                 0.163                 0.117                 0.465                 0.551                0.162                0.989                0.054                 0.106                 0.996                 0.047                 0.053                0.381                 0.937                0.136               0.772
static_t0                           206.596       295.516       415.969              162.018               57.977               209.632               69.391              352.514               108.364               126.807               109.817               315.979               82.345              611.536               56.658                89.178               443.817                57.935                174.38              276.462               418.951               91.344              372.09
dynamic_t0                          644.376      1115.714      1348.638              329.447                82.71               864.713              104.447             1165.379               215.122               253.865               245.686               781.812              171.335             2230.892               82.713               181.039              1657.411                85.296               344.321              1005.93              1404.873              176.337            1273.764
delta_t0                             437.78       820.198       932.669              167.429               24.733               655.081               35.056              812.865               106.758               127.058               135.869               465.833                88.99             1619.356               26.055                91.861              1213.594                27.361               169.941              729.468               985.922               84.993             901.674
delta_t6                            617.824       723.991       736.676              115.084                4.529               574.195                9.313                700.8                45.738               114.456               123.542               572.332               33.825             1080.843                4.698                31.452              1052.353                 5.057               192.103              613.878               814.556               19.394             736.533
delta_t24                           353.117      1003.664      1045.286               60.156                3.394               330.227               10.178              747.541                25.547                36.947                84.513               339.972               22.814             1268.545                3.544                19.153              1161.854                 3.428                54.213               368.69               980.346               18.814             876.063
delta_t48                           504.512      1045.572      1054.475                78.91                 2.67                562.27                7.075              885.677                22.446                72.035               105.229               563.317               15.942             1138.266                2.591                10.426              1184.131                 2.721               133.721              620.737              1052.087               10.164            1021.624
delta_t96                           228.795      1265.673      1172.309               51.829                2.277               227.429                 6.32              847.802                15.867                40.172                  91.6               453.823               14.336             1203.897                2.218                 8.455              1252.011                 2.334                63.875              259.642              1163.465                 8.77            1019.806
delta_t144                           150.44      1307.798      1167.679                29.03                2.609                90.121                6.388               827.68                10.692                19.002                82.995               471.314               13.683              1223.66                2.593                 7.944              1268.795                 2.679                21.801              136.341              1197.579                8.252            1033.971
delta_t240                          147.863      1431.833       1242.58               22.686                1.927                80.094                5.202              891.696                 8.589                15.254                80.174               501.089               12.476             1290.454                1.796                  6.16              1365.418                  1.94                15.625              135.002              1299.505                7.174            1118.387
delta_t360                          139.301      1439.162      1251.663               19.628                1.927                60.973                5.196              892.364                 7.643                 9.673                78.357                 512.9               12.355             1305.795                1.796                 5.834              1376.534                  1.94                 7.657              120.163              1308.179                7.023            1127.082
frac_earlier                          0.645         0.829         0.852                0.267                 0.63                 0.781                0.589                0.811                 0.414                 0.404                 0.474                 0.665                 0.72                0.982                0.662                 0.702                 0.964                 0.654                 0.374                0.779                 0.905                  0.6               0.878
frac_later                            0.008         0.006         0.003                0.003                  0.0                 0.005                  0.0                0.006                 0.001                 0.002                 0.001                  0.01                  0.0                0.004                  0.0                   0.0                 0.003                   0.0                 0.003                0.006                 0.004                  0.0               0.005
frac_same                             0.347         0.165         0.145                 0.73                 0.37                 0.215                0.411                0.183                 0.585                 0.594                 0.524                 0.326                 0.28                0.015                0.337                 0.297                 0.033                 0.345                 0.623                0.216                 0.091                  0.4               0.116
median_shift_h                        -18.0         -24.0         -24.0                  0.0                 -3.0                 -24.0                 -2.0                -24.0                   0.0                   0.0                   0.0                 -14.0                 -6.0                -40.0                 -3.0                  -5.0                 -34.0                  -3.0                   0.0                -24.0                 -26.0                 -2.0               -25.0
mean_prepeak_failures_dynamic       487.923       883.387      1130.956               289.58               57.977                 482.8               69.391              915.859               119.368               129.738               154.199               558.709              117.534             1804.013               66.626               105.488              1351.419                57.935               187.012              813.654              1162.801              100.243            1101.017
crash_frac_static_1200                0.993           1.0           1.0                0.757                  0.0                 0.921                  0.0                0.998                 0.162                 0.415                 0.186                 0.995                  0.0                  1.0                  0.0                   0.0                   1.0                   0.0                 0.824                0.982                   1.0                0.001               0.998
crash_frac_dynamic_1200               0.998           1.0           1.0                0.757                  0.0                 0.924                  0.0                  1.0                 0.162                 0.415                 0.186                 0.999                  0.0                  1.0                  0.0                   0.0                   1.0                   0.0                 0.824                0.995                   1.0                0.001                 1.0

--- cause counts per run at the last horizon of each file (static = ref, dynamic = test) ---
                                       0             1             2                    3                    4                     5                    6                    7                     8                     9                     10                    11                   12                   13                   14                    15                    16                    17                    18                   19                    20                   21                  22
scenario                     geoclaw_2026  geoclaw_2050  geoclaw_2080  syn_ts_156_15_1p066  syn_ts_173_2_0p8859  syn_ts_192_15_2p5752  syn_ts_192_7_1p0240  syn_ts_258_9_3p0022  syn_ts_321_19_1p7614  syn_ts_436_11_1p3524  syn_ts_463_29_1p6644  syn_ts_514_13_2p7829  syn_ts_570_2_1p5351  syn_ts_605_5_3p7563  syn_ts_662_3_0p9973  syn_ts_708_13_1p1567  syn_ts_808_27_3p7885  syn_ts_810_14_1p1460  syn_ts_831_27_1p9452  syn_ts_880_9_2p6632  syn_ts_914_26_3p4047  syn_ts_914_6_1p2955  syn_ts_999_12_3p44
cause_flood_static                  206.6         295.5         416.0                162.0                 58.0                 209.6                 69.4                352.5                 108.4                 126.8                 109.8                 316.0                 82.3                611.5                 56.7                  89.2                 443.8                  57.9                 174.4                276.5                 419.0                 91.3               372.1
cause_flood_dynamic                 195.7         275.3         352.3                159.5                 58.0                 204.3                 69.4                322.3                 108.0                 126.8                 109.4                 300.0                 82.3                430.2                 56.7                  89.1                 381.0                  57.9                 172.3                257.3                 358.2                 91.2               335.0
cause_inter_static                 1206.9        1344.4        1526.6                832.9                 59.3                 970.4                 93.0               1277.1                 324.5                 548.1                 345.5                1227.6                128.0               1308.2                 56.2                 147.6                1366.4                  59.2                 891.1               1138.7                1352.9                154.2              1300.2
cause_inter_dynamic                1246.6        1899.1        1954.1                826.8                 58.6                 998.3                 93.4               1628.7                 318.1                 539.3                 400.4                1427.4                129.8               1882.8                 55.5                 144.2                1893.7                  58.5                 879.9               1158.8                1892.0                153.2              1782.0
cause_intra_fuel_static             294.2         242.6         221.2                240.4                  NaN                 285.1                  NaN                266.2                  52.8                 134.3                  60.7                 276.3                  NaN                245.2                  NaN                   NaN                 228.4                   NaN                 259.4                287.0                 234.5                  0.3               258.2
cause_intra_fuel_dynamic            305.9         739.7         730.1                234.2                  NaN                 276.8                  NaN                542.2                  52.6                 133.8                  56.3                 382.1                  NaN                708.1                  NaN                   NaN                 708.6                   NaN                 258.2                310.8                 674.7                  0.3               625.5
cause_intra_subway_static            33.4          22.6           6.2                 45.7                  2.0                  45.2                  5.0                 12.9                  45.3                  45.0                  45.0                  17.8                 35.9                 10.5                  2.0                  41.8                   7.1                   2.0                  46.6                 30.8                   8.6                 42.7                11.6
cause_intra_subway_dynamic           78.1          63.5          51.6                 60.7                  2.7                  64.0                  5.9                 60.6                  47.1                  48.2                  47.2                  72.6                 36.4                 54.7                  2.7                  40.6                  69.8                   2.7                  52.6                 72.3                  38.7                 42.9                35.7
cause_intra_telecom_static          526.6         523.7         551.2                428.2                 10.2                 501.1                 18.7                523.0                 123.0                 253.0                 135.2                 526.3                 26.6                551.1                  9.6                  31.6                 537.6                  10.2                 458.8                533.5                 531.7                 33.7               523.8
cause_intra_telecom_dynamic         579.0         896.9         887.1                445.4                 12.1                 526.1                 22.6                767.9                 135.3                 268.5                 160.8                 691.6                 36.6                946.1                 11.4                  42.0                 904.3                  12.2                 472.2                582.3                 889.9                 41.4               812.4
cause_intra_water_static             31.8          31.4          27.0                 28.7                  8.0                  30.1                  9.6                 29.7                  18.5                  23.7                  18.9                  30.6                 11.6                 22.9                  7.9                  12.9                  26.4                   8.0                  29.3                 31.0                  27.3                 13.3                29.1
cause_intra_water_dynamic            33.6          24.9          24.7                 30.9                  8.1                  32.9                  9.6                 32.1                  19.0                  24.0                  19.5                  33.9                 11.7                 33.4                  7.9                  13.0                  29.0                   8.0                  32.1                 36.1                  28.7                 13.5                31.5

--- failed nodes per run by infrastructure type at t360 ---
                                 0             1             2                    3                    4                     5                    6                    7                     8                     9                     10                    11                   12                   13                   14                    15                    16                    17                    18                   19                    20                   21                  22
scenario               geoclaw_2026  geoclaw_2050  geoclaw_2080  syn_ts_156_15_1p066  syn_ts_173_2_0p8859  syn_ts_192_15_2p5752  syn_ts_192_7_1p0240  syn_ts_258_9_3p0022  syn_ts_321_19_1p7614  syn_ts_436_11_1p3524  syn_ts_463_29_1p6644  syn_ts_514_13_2p7829  syn_ts_570_2_1p5351  syn_ts_605_5_3p7563  syn_ts_662_3_0p9973  syn_ts_708_13_1p1567  syn_ts_808_27_3p7885  syn_ts_810_14_1p1460  syn_ts_831_27_1p9452  syn_ts_880_9_2p6632  syn_ts_914_26_3p4047  syn_ts_914_6_1p2955  syn_ts_999_12_3p44
type_fuel_static              389.8         414.2         454.3                292.5                 18.0                 346.5                 22.7                415.0                  95.0                 180.2                 103.1                 403.2                 29.1                483.5                 17.5                  33.1                 453.0                  17.9                 314.7                386.7                 443.4                 34.8               422.2
type_fuel_dynamic             427.5         878.8         893.1                299.1                 18.0                 374.8                 22.8                705.7                  95.0                 180.2                 155.4                 573.7                 31.8                898.2                 17.5                  33.3                 893.6                  17.9                 314.8                434.0                 866.5                 34.9               786.8
type_fuel_delta                37.7         464.6         438.9                  6.6                  0.0                  28.3                  0.1                290.7                   0.0                   0.0                  52.3                 170.5                  2.7                414.7                  0.0                   0.1                 440.6                   0.0                   0.1                 47.2                 423.1                  0.1               364.6
type_hospital_static           44.5          45.0          49.6                 37.6                  9.6                  41.2                 12.8                 47.5                  24.1                  30.2                  24.6                  47.0                 15.7                 50.2                  9.3                  17.3                  49.1                   9.6                  38.9                 45.9                  48.6                 17.9                47.7
type_hospital_dynamic          45.5          58.6          58.9                 37.6                  9.6                  41.2                 12.9                 54.3                  24.1                  30.2                  24.6                  50.7                 15.7                 59.0                  9.3                  17.3                  58.9                   9.6                  38.9                 46.5                  58.3                 17.9                56.3
type_hospital_delta             1.1          13.6           9.4                  0.0                  0.0                   0.0                  0.1                  6.8                   0.0                   0.0                   0.0                   3.7                  0.0                  8.8                  0.0                   0.0                   9.8                   0.0                   0.0                  0.6                   9.8                  0.0                 8.6
type_power_static              37.7          45.4          53.9                 26.6                  2.6                  31.8                  3.2                 42.4                  10.8                  17.5                  11.4                  40.2                  4.3                 57.3                  2.5                   5.2                  51.2                   2.6                  28.7                 37.6                  49.2                  5.5                44.3
type_power_dynamic             39.6          68.8          77.6                 27.8                  2.6                  38.6                  3.2                 62.2                  10.8                  17.4                  15.8                  53.5                  4.5                 81.7                  2.5                   5.2                  73.6                   2.6                  28.7                 45.0                  71.7                  5.5                67.2
type_power_delta                1.9          23.4          23.7                  1.2                  0.0                   6.8                  0.0                 19.8                  -0.0                  -0.0                   4.3                  13.3                  0.2                 24.4                  0.0                   0.0                  22.3                   0.0                   0.0                  7.4                  22.5                  0.0                22.9
type_subway_static            321.9         334.9         365.9                248.9                 10.0                 285.4                 17.0                328.2                 112.4                 171.6                 117.7                 320.8                 55.2                359.0                  9.6                  65.0                 342.7                  10.0                 264.0                311.4                 339.7                 67.2               331.3
type_subway_dynamic           346.2         441.5         444.8                250.8                 10.2                 288.5                 17.5                396.7                 112.5                 171.8                 117.7                 360.3                 55.9                444.6                  9.7                  63.9                 441.7                  10.2                 265.2                320.1                 435.2                 67.6               414.8
type_subway_delta              24.3         106.6          78.9                  1.9                  0.2                   3.1                  0.5                 68.5                   0.1                   0.2                   0.0                  39.5                  0.8                 85.6                  0.2                  -1.1                  99.0                   0.2                   1.2                  8.6                  95.5                  0.4                83.5
type_telecom_static          1430.4        1540.3        1739.1               1075.6                 85.7                1272.8                126.1               1549.1                 399.3                 688.9                 426.4                1506.2                162.8               1714.0                 81.9                 183.0                1632.8                  85.6                1153.7               1442.6                1611.8                190.0              1569.8
type_telecom_dynamic         1501.0        2328.0        2400.5               1085.6                 87.4                1295.6                130.5               2028.2                 406.8                 698.4                 448.1                1776.7                171.5               2445.3                 83.5                 189.8                2392.9                  87.4                1160.0               1496.1                2327.4                196.5              2182.0
type_telecom_delta             70.6         787.7         661.4                  9.9                  1.7                  22.8                  4.5                479.1                   7.5                   9.5                  21.7                 270.5                  8.7                731.3                  1.6                   6.7                 760.1                   1.8                   6.3                 53.5                 715.6                  6.5               612.3
type_water_static              75.3          80.4          85.5                 56.8                 11.7                  63.7                 14.0                 79.2                  30.9                  42.5                  31.9                  77.2                 17.3                 85.5                 11.5                  19.4                  81.1                  11.7                  59.6                 73.1                  81.4                 20.2                79.8
type_water_dynamic             79.0         123.7         124.9                 56.8                 11.7                  63.8                 14.0                106.7                  30.9                  42.5                  31.9                  92.7                 17.3                126.5                 11.5                  19.4                 125.7                  11.7                  59.6                 76.0                 123.0                 20.2               114.9
type_water_delta                3.7          43.3          39.4                  0.0                  0.0                   0.0                  0.0                 27.5                   0.0                   0.0                   0.0                  15.5                  0.0                 41.0                  0.0                   0.0                  44.7                   0.0                   0.0                  2.9                  41.7                  0.0                35.1

wrote analysis/static_vs_dynamic_v1/campaign_arrival_vs_staticpeak_h360_n1000_v1.csv
